97 0
3104 961577
15321 967758
15322 971001
15323 973957
15324 983324
15325 983807
15326 984024
15327 984419
15328 989728
15329 990023
15330 990368
15331 990467
15332 992145
15333 1013615
15334 1014957
15335 1018777
15336 1018896
15338 1022604
15339 1062254
15340 1068171
15341 1069698
15342 1069976
15343 1071283
15344 1071383
15345 1071397
15346 1071931
3105 1071946
15352 1335913
15353 1371019
15354 1532689
15355 1565122
15356 1642682
15357 1724405
15358 1728440
15359 1732428
15360 1738502
15361 1775628
15362 1778198
15363 1778761
15364 1791360
15365 1792713
15366 1801719
15367 1876414
15368 1877297
15369 1877358
15370 1989679
15371 2167513
15372 2170391
15373 2197568
15374 2198010
15375 2200535
15376 2200592
15377 2233250
15227 2233744
3106 2233894
15383 2250182
15384 2553767
15385 2554162
15386 2773399
15387 2773668
15388 2846780
15389 2847396
15390 2847565
15391 2966491
15392 3002395
15393 3002586
15394 3173510
15395 3183377
15396 3189564
15397 3191139
15398 3227476
15399 3228147
15400 3232389
15401 3345014
15402 3345988
15403 3473637
15404 3570869
15405 3571041
15406 3571260
15407 3571288
15408 3580649
15276 3580761
3107 3580777
15414 3595613
15415 3760894
15416 3762320
15417 3763749
15418 3820952
15419 4088787
15420 4089258
15421 4089471
15422 4101616
15423 4142001
15424 4200490
15425 4201837
15426 4320122
15427 5043591
15428 5046815
15429 5322434
15430 5324510
15431 5324533
15432 5453912
15433 5463538
15434 5464520
15435 5497865
15436 5677267
15437 5678026
15438 5678083
15439 5680563
15290 5682494
3108 5682596
15445 5684693
15446 5686153
15447 5686855
15448 5691521
15449 5694740
15450 5694880
15451 5695181
15452 5737161
15453 5737616
15454 5737898
15455 5737919
15456 5739655
15457 5751766
15458 5756958
15459 5772193
15460 5782382
15461 5783722
15462 5806218
15463 5882039
15464 5899801
15465 5934166
15466 5934180
15467 5934731
15468 5935341
15469 5935446
3109 5935460
15476 6046659
15477 6056283
15478 6057588
15479 6068140
15480 6069436
15481 6072084
15482 6381503
15483 6450162
15484 6452664
15485 6456007
15486 6456026
15487 6456399
15488 6460856
15489 6462389
15490 6462524
15491 6470025
15492 6470805
15493 6470820
15494 6854522
15495 6860762
15496 6947641
15497 6948966
15498 6949727
15499 6949865
15500 6949907
15501 6950262
15369 6960770
3110 6960785
15507 6981305
15508 7207862
15509 7209188
15510 7209544
15511 7216844
15512 7396573
15513 7400141
15514 7467877
15515 7471759
15516 7500734
15517 7500789
15518 7501446
15519 7531426
15520 7533997
15521 7616433
15522 7639565
15524 7640547
15525 7734101
15526 7734735
15527 7735424
15528 7778179
15529 7778625
15530 7778880
15531 7778894
15382 7783038
15383 7783288
15400 7783305
3111 7783992
15538 7787830
15539 7795103
15540 7795202
15541 7795352
15542 7795777
15543 7800021
15544 7800134
15545 7800321
15546 7800540
15547 7803605
15548 7803714
15549 7804210
15550 7872005
15551 7902284
15552 7912037
15553 7918262
15554 7918346
15555 7918394
15556 7928901
15557 7929339
15558 7932914
15559 7936515
15560 7937986
15561 7938223
15562 7938274
15563 7938289
15413 7938320
3112 7938337
15569 7948206
15570 7950361
15571 7951523
15572 7956777
15573 7985268
15574 7987793
15575 7996052
15576 8011032
15577 8011773
15578 8012007
15579 8012364
15580 8096559
15581 8107968
15582 8119284
15583 8151186
15584 8155247
15585 8159536
15586 8159625
15587 8348143
15588 8377806
15589 8389591
15590 8390202
15591 8390915
15592 8391481
15593 8397811
15594 8398681
3113 8401037
15600 8404186
15601 8421811
15602 8422044
15603 8422103
15604 8423025
15606 8424672
15607 8424778
15608 8424915
15609 8426097
15610 8426234
15611 8427316
15612 8427634
15613 8429976
15614 8430112
15615 8433589
15616 8433703
15617 8433716
15618 8434371
15619 8435537
15620 8436208
15621 8437474
15622 8439526
15625 8439539
15493 8439644
3114 8439689
15631 8447879
15632 8746345
15633 8751672
15634 8753026
15635 8753369
15636 8782037
15637 8782362
15638 8782555
15639 8789172
15640 8816433
15641 8816555
15642 8829921
15643 8831927
15644 8832665
15645 8834391
15646 8844924
15647 8845906
15648 8845965
15649 8885318
15650 8894362
15651 9708381
15652 9803852
15653 9865637
15655 9866332
15656 9869997
3115 9871476
15662 10008658
15663 10222785
15664 11779794
15665 11859268
15666 12243399
15667 12792600
15668 13068622
15669 13216285
15670 13224181
15671 13433074
15672 13436588
15673 13598793
15674 17724426
15675 17866418
15676 17895711
15677 17968629
15678 18190360
15679 18191508
15680 18196674
15681 18299299
15682 18798610
15683 18864791
15684 18979154
15685 18988203
15686 18989043
15687 18997089
15537 19004898
15538 19004929
15555 19005399
3116 19005467
15693 19045841
15694 19392502
15695 19761593
15696 19764232
15697 19768934
15698 21518914
15699 21560592
15700 21561550
15701 21567399
15702 21712263
15703 21712557
15704 21713043
15705 21714216
15706 21824399
15707 21850170
15708 21927176
15709 22978308
15710 22978422
15711 22989215
15712 23052305
15713 23087572
15714 23116258
15715 23117092
15716 23117743
15717 23118611
15718 23157528
15568 23157657
15569 23157722
15586 23157737
3117 23159749
15724 23253734
15725 23853859
15726 23873337
15727 23997391
15728 28688340
15729 28752780
15730 28976589
15731 29886091
15732 30016349
15733 30250977
15734 30273231
15735 30592434
15736 31214293
15737 31312715
15738 34139949
15739 34472047
15740 34591213
15741 34593536
15742 34628041
15743 36715134
15744 39175680
15745 39215780
15746 41962949
15747 41965964
15748 41967244
15749 41995700
15599 42007587
15600 42007854
15617 42008183
3118 42008210
15755 42010576
15756 42010687
15757 42011000
15758 42012260
15759 42012365
15760 42012576
15761 42012871
15763 42013306
15764 42013931
15765 42013977
15766 42022704
15767 42024029
15768 42025812
15769 42035628
15770 42035777
15772 42036084
15773 42048588
15774 42052428
15775 42057098
15776 42060363
15777 42060421
15778 42060516
15779 42060589
15780 42061246
3119 42061549
15786 42067433
15787 42150550
15788 42151449
15789 42153076
15790 42153329
15791 42203092
15792 42206701
15793 42208634
15794 42372219
15795 42427789
15796 42427914
15797 42429410
15798 42475872
15799 42476573
15800 42477762
15801 42759361
15802 42976875
15803 42977062
15804 43676346
15805 43695527
15806 43734181
15807 43748577
15808 43748680
15809 43748775
15810 43748803
15811 43749593
15661 43749873
15679 43749891
3120 43750354
15817 43750972
15818 43752153
15820 43752167
15821 43752904
15824 43753047
15825 43753186
15828 43753579
15829 43753708
15831 43754032
15832 43754061
15833 43754118
15834 43754244
15835 43754335
15836 43755535
15837 43755854
15838 43849717
15839 43850069
15841 43850084
3121 43850113
15848 43861680
15849 44309355
15850 46428699
15851 46691336
15852 46788136
15853 47449297
15854 47456268
15855 47820861
15856 47857866
15857 48126492
15858 48139647
15859 48958486
15860 49000406
15861 49761229
15862 49926832
15863 49992743
15864 50005711
15865 50010639
15866 51451086
15867 51511129
15868 54732482
15869 54757404
15870 54981066
15871 54987785
15872 54994244
15873 55005016
15723 55010315
15724 55010338
15741 55011295
3122 55011869
15879 55047833
15880 55096249
15881 55115586
15882 55234752
15883 55235953
15884 55271934
15885 55291455
15886 55297372
15887 55370386
15888 55554511
15889 55558525
15890 55661697
15891 55670638
15892 55679557
15893 55681865
15894 55690749
15895 55922796
15896 55926631
15897 55927899
15898 56340674
15899 56862910
15900 56872104
15901 56872871
15902 56874283
15903 56874437
15904 56928801
15754 56929581
15755 56931655
3123 56931670
15910 56981491
15911 57031087
15912 57031947
15913 57038145
15914 57038616
15915 57183512
15916 57184115
15917 57184996
15918 57296542
15919 57304537
15920 57305291
15921 57320727
15922 57557361
15923 57616598
15924 57616939
15925 57730441
15926 57745956
15927 57746175
15928 57855034
15929 57858440
15930 73290914
15931 73297574
15932 73299581
15933 73301730
15934 73302793
15935 73318846
15785 73319229
15803 73319259
3124 73319342
15941 73338881
15942 73339564
15943 73389179
15944 73417614
15945 73505643
15946 73514866
15947 73535004
15948 74580737
15949 74580918
15950 74581159
15951 74582389
15952 74676667
15953 74729517
15954 74733689
15955 74740940
15956 74741020
15957 74742384
15958 74742551
15959 74903364
15960 75585941
15961 75897225
15962 75897280
15963 75929585
15964 75929855
15965 75953191
15966 75953583
3125 75955804
15972 103003313
15973 103180637
15974 103388400
15975 103389854
15976 103540336
15977 103673575
15978 103781180
15979 104316526
15980 104463412
15981 104531434
15982 104531888
15983 104611264
15984 105170208
15985 105178245
15986 105182860
15987 105196152
15989 105204884
15990 106258075
15991 108001377
15992 108189237
15993 108199589
15994 108588036
15995 108588056
15996 108588103
15847 108595594
15848 108595770
15865 108596525
3126 108596559
16003 108597353
16004 108716132
16005 108749291
16006 108749351
16007 108750195
16008 108752195
16009 108752542
16010 108752708
16011 108753155
16012 108753684
16013 108753765
16014 108754248
16015 108754405
16016 108754431
16017 108754525
16018 108755393
16019 108755565
16020 108755580
16021 108756043
16022 108756543
16023 108756966
16024 108757071
16025 108757086
16027 108757379
16028 108757411
15896 108757499
3127 108757527
16034 108764267
16035 108767319
16036 108770737
16037 108770960
16038 108771111
16039 108961848
16040 108965663
16041 108965827
16042 108966092
16044 109011377
16045 109011442
16046 109029876
16047 109032370
16048 109032782
16049 109043218
16051 109044392
16052 109044405
16053 109047441
16054 109048906
16055 109049292
16056 109051383
16057 109052027
16058 109052689
15909 109053072
15910 109053093
15927 109053348
3128 109053460
16065 109055058
16066 109068420
16067 109068894
16068 109070050
16069 109071177
16071 109075000
16072 109075683
16073 109075881
16075 109076511
16076 109077816
16077 109082367
16078 109087015
16079 109089829
16080 109091702
16081 109091719
16082 109091773
16083 109099567
16084 109104112
16085 109105508
16086 109112918
16087 109113139
16089 109113212
16090 109115106
3129 109115205
16096 109117819
16097 109135142
16098 109135868
16099 109136273
16100 109136378
16102 109185648
16103 109185779
16104 109187732
16105 109199109
16106 109199228
16107 109202286
16108 109202363
16109 109203197
16110 109204491
16111 109220442
16112 109221451
16113 109221471
16114 109222919
16115 109223085
16116 109238017
16118 109267875
16120 109268002
16121 109270180
15971 109272924
2980 109272963
11495 109273028
12004 109273044
98 109273315
3135 109577476
16282 109585597
16283 109605083
16284 109744027
16285 110142960
16286 110414729
16287 110450242
16288 110459788
16289 110593773
16290 110690925
16291 110769711
16292 110802752
16293 111737331
16294 112427281
16295 112479747
16296 114366448
16297 114373918
16298 114458795
16299 114460316
16300 117287452
16301 118469848
16302 118876150
16303 118957624
16304 118966418
16305 118968952
16306 118977358
16307 119175875
3136 119194000
16313 119196774
16314 119197313
16315 119197679
16316 119233003
16317 119233268
16318 119233410
16319 119233528
16320 119233570
16321 119233669
16322 119234006
16323 119234239
16324 119236315
16325 119236516
16326 119236735
16327 119236902
16328 119237094
16329 119237375
16330 119237459
16331 119237680
16332 119239747
16333 119239776
16334 119239858
16335 119240005
16336 119240053
16337 119240113
16206 119240322
3137 119240336
16344 119243543
16345 119243642
16346 119243709
16347 119244701
16348 119245105
16349 119245413
16350 119245469
16351 119246041
16352 119246264
16353 119246520
16354 119246566
16355 119246603
16356 119247021
16357 119247122
16358 119247252
16359 119247281
16361 119247923
16362 119248090
16363 119248282
16364 119248365
16365 119248407
3138 119248433
16375 119252364
16376 119252624
16377 119252638
16378 119252680
16379 119252835
16380 119258373
16381 119258596
16382 119258724
16383 119258739
16384 119258924
16385 119259120
16386 119259225
16387 119259268
16388 119259406
16389 119259465
16390 119259875
16392 119260149
16393 119260320
16394 119262901
16395 119263080
16398 119263108
16399 119263219
16400 119263233
16268 119263394
3139 119263411
16406 119305679
16407 119710943
16408 119989181
16409 120094575
16410 120459911
16411 120516334
16412 121841922
16413 122856012
16414 123842582
16415 123954341
16416 123967326
16417 124313149
16418 125586663
16419 125684942
16420 126765865
16421 126821438
16422 126839966
16423 126842263
16424 130258218
16425 141666621
16426 143914732
16427 143959980
16428 144519326
16429 144523963
16430 144529345
16431 144556733
16281 144578651
16299 144578837
3140 144578995
16437 144583518
16438 144583672
16439 144583715
16440 144583992
16441 144584077
16442 144584137
16443 144584264
16444 144584389
16445 144584433
16446 144584531
16447 144584546
16448 144584560
16449 144584616
16451 144584747
16452 144584831
16454 144584873
16455 144585055
16457 144585238
16458 144585266
16459 144585430
3141 144585582
16468 144585968
16469 144586127
16470 144586888
16472 144589651
16473 144589695
16474 144589722
16475 144589750
16476 144589932
16477 144590082
16478 144590152
16479 144590317
16480 144590453
16481 144590579
16483 144590646
16485 144591163
16486 144591180
16487 144591390
16488 144591492
16489 144591561
16491 144591575
3142 144591589
16499 144593269
16500 144622313
16501 144622327
16502 144622532
16503 144622667
16504 144624015
16505 144624332
16507 144624360
16508 144627109
16509 144627165
16510 144627332
16511 144627420
16513 144627478
16514 144632641
16515 144633024
16516 144633052
16517 144634048
16518 144634339
16519 144634423
16520 144649723
16523 144649833
16375 144649891
16392 144649905
3143 144649934
16530 144658139
16531 144704447
16532 145116632
16533 145196253
16534 145585936
16535 145659649
16536 145892992
16537 145975173
16538 145990807
16539 145992134
16540 146003497
16541 146030950
16542 148576865
16543 148599990
16544 148800135
16545 149540956
16546 149591064
16547 149591171
16548 149858294
16549 150298935
16550 150544288
16551 150548325
16552 150582076
16553 150583497
16554 150586376
16555 150587710
16405 150600824
16406 150603291
16423 150603441
3144 150606805
16561 150607889
16563 150617668
16564 150617720
16565 150617759
16569 150636721
16570 150636754
16571 150637659
16573 150637687
16575 150637730
16576 150639612
16578 150641479
16579 150641508
16580 150641565
16581 150641719
16582 150704470
16585 150704830
16436 150704846
16437 150754111
16454 150754195
3145 151142052
16592 151186918
16593 151187339
16594 151187397
16595 151187412
16596 151187466
16597 151187606
16599 151187620
16600 151187707
16602 151187722
16605 151187806
16606 151187881
16607 151187895
16609 151188035
16610 151188332
16612 151188528
16613 151188541
16614 151188915
3146 151188966
16623 151357192
16624 154398275
16625 154398313
16626 154398443
16627 154398616
16628 158022006
16629 158022188
16630 158022926
16631 158022986
16632 159815075
16633 159815314
16634 159815479
16635 159815679
16636 159816645
16637 159816834
16638 160622631
16640 160622715
16641 160622856
16642 160623261
16643 160623693
16644 160786915
16645 160788289
16647 160788323
16648 160849027
16498 160849055
16499 160919183
16516 161216627
3147 161300452
16654 161303904
16655 161304233
16656 161304302
16657 161306630
16658 161306714
16659 161306791
16660 161307001
16661 161309758
16662 161309922
16663 161312505
16664 161312630
16666 161312826
16667 161312840
16668 161312867
16669 161313090
16671 161314390
16672 161314471
16673 161314792
16674 161314891
16675 161314920
16676 161314976
16677 161339386
16678 161340697
3148 161340711
16685 161341774
16686 161341902
16687 161341942
16688 161342055
16689 161342822
16690 161343091
16691 161343449
16692 161343665
16693 161343751
16695 161344324
16696 161344352
16697 161344685
16698 161344724
16699 161344738
16700 161344785
16702 161357070
16703 161357166
16704 161357886
16705 161358012
16561 161358040
3149 161358057
16716 161440571
16717 161477383
16718 161596358
16719 161653150
16720 161937033
16721 162078584
16722 162110467
16723 162195464
16724 162343837
16725 162408844
16726 162439416
16727 163253415
16728 163948792
16729 164182686
16730 164692872
16731 164810543
16732 164879328
16733 164881674
16734 166509416
16735 167391138
16736 167831029
16737 168177936
16738 168197877
16739 168270699
16740 168378504
16741 168464186
16591 168472990
16592 168473034
16609 168473055
3150 168473398
16747 168477240
16748 168477828
16749 168477884
16750 168477953
16751 168478080
16752 168478155
16753 168478183
16754 168478253
16755 168478323
16756 168478674
16757 168478749
16758 168478764
16759 168478858
16760 168479593
16761 168479678
16762 168479801
16764 168479843
16765 168480180
16766 168480629
16767 168480643
16768 168480686
16769 168480701
16772 168480715
3151 168480729
16780 168481378
3152 168481393
16809 168483737
16810 170023254
16811 170023971
16812 170024387
16813 170025772
16814 171084666
16815 171085567
16816 171085957
16817 171086397
16818 172464942
16819 172466881
16820 172467523
16821 172467769
16822 172469847
16823 172473855
16824 174176034
16825 174176670
16826 174176686
16827 174177103
16828 174177646
16829 174179822
16830 175407983
16831 175408048
16833 175408154
16834 175828594
16684 175830170
16685 176160034
16702 176218345
3153 176703009
16840 176706091
16841 176707386
16842 176708104
16843 176709850
16844 176712189
16845 176712881
16846 176713228
16847 176713520
16848 176713757
16849 176714089
16850 176714179
16851 176715843
16852 176716001
16853 176716030
16854 176716172
16855 176716289
16857 176716982
16858 176717056
16859 176718139
16860 176718813
16861 176718857
16862 176718982
16716 176719138
3154 176719160
16871 176722717
16872 176722997
16873 176723066
16874 176724586
16875 176724600
16876 176724664
16877 176724681
16878 176724743
16879 176725221
16880 176725435
16881 176726651
16882 176728308
16883 176728726
16884 176728992
16885 176729072
16886 176729113
16888 176729141
16889 176730064
16890 176730348
16891 176730459
16892 176730602
16894 176730700
16895 176730880
3155 176730926
16902 176733615
16903 176738801
16904 176770376
16905 176884880
16906 177156808
16907 177210201
16908 177274510
16909 177318226
16910 177324195
16911 177349534
16912 177354355
16913 177475897
16914 177755499
16915 177766430
16916 177946681
16917 177950936
16918 177954281
16919 177954528
16920 178484700
16921 178813859
16922 179002712
16923 179004486
16924 179005325
16925 179006396
16926 179017795
16927 179024182
16778 179035202
16795 179035217
3156 179035337
16933 179037212
16934 179037242
16935 179037378
16936 179037685
16937 179037699
16938 179037750
16939 179037807
16940 179038239
16941 179038285
16943 179038387
16944 179038401
16945 179038555
16946 179038627
16948 179038641
16950 179038680
16951 179038706
16952 179038748
16953 179038832
16954 179039047
16808 179039077
3157 179039092
16964 179039493
16966 179040352
16968 179040366
16969 179040449
16970 179040597
16971 179040613
16972 179040641
16974 179041149
16975 179041163
16976 179041193
16977 179041207
16978 179041226
16979 179042263
16981 179042361
16982 179042664
16983 179042678
16984 179042705
16985 179042735
3158 179043304
16995 179043907
16997 179043935
17003 179044117
17018 179044132
17019 179044146
3159 179044160
17026 179173816
17027 179252838
17028 179265529
17029 179266547
17030 179271356
17031 179280428
17032 179283814
17033 181554133
17034 181556194
17035 181557395
17036 181557450
17037 181562980
17038 181569997
17039 181572583
17040 181767222
17041 181769094
17042 181770697
17043 181770733
17044 181844565
17045 181945824
17046 182310170
17047 182311010
17048 182313717
17049 182314029
17050 182329957
17051 182330019
16901 182333019
16902 182334196
16919 182334627
3160 182334827
17057 182335135
17058 182335182
17060 182335197
17061 182335223
17064 182335277
17065 182335307
17072 182335723
17074 182335751
17077 182335808
17081 182335857
17082 182336072
16950 182336151
3010 182336586
12408 182337098
12409 182337229
12410 182502197
12411 182510735
12412 182510767
12413 182511228
12414 182569267
12415 182570333
12416 182570429
12417 182570823
12418 182571467
12419 182619576
12420 182619590
12424 182654134
12425 182923598
12426 183455481
12427 183639691
12428 183640494
12430 183653998
12431 183654012
12432 183654030
12282 183654080
3011 183654648
12438 183654787
12439 183654854
12440 183655097
12441 183655118
12442 184773822
12443 184773850
12444 184773868
12445 184828727
12448 184828902
12449 184830798
12451 184869020
12452 184872303
12453 184872347
12455 184872361
12456 184884694
12457 184898255
12458 185105441
12459 185105459
12461 185106612
12314 185106630
3028 185110814
12966 185112436
12967 185113266
12968 185371059
12969 185379902
12970 185380389
12971 185380522
12972 185385214
12973 185429722
12974 185429807
12975 185481983
12976 185486535
12977 185503673
12978 185505127
12979 185689081
12982 185689099
12983 188106571
12984 188116050
12985 188143090
12986 188143210
12987 188143541
12988 188143571
12989 188143656
12990 188143884
12841 188144007
12858 188144026
99 188147405
3166 188553871
17243 188759203
17244 188762447
17245 188829932
17246 188870516
17247 188912753
17248 189033637
17249 189080208
17250 189094822
17251 189107489
17252 189152585
17253 189165310
17254 189169462
17255 189933057
17256 190452396
17257 191008434
17258 191018099
17259 191327061
17260 191328991
17261 192935097
17262 193310967
17263 201321428
17264 201418262
17265 201506898
17266 201508649
17267 201510450
17268 201528320
3167 201535913
17274 201538722
17275 201538978
17276 201539491
17277 201540675
17278 201541228
17279 201543201
17280 201543415
17281 201543984
17282 201544132
17283 201544411
17284 201544530
17285 201544613
17286 201544793
17287 201545265
17288 201545526
17289 201545714
17290 201545954
17291 201545968
17292 201547252
17293 201555616
17294 201555686
17295 201555832
17297 201555889
17298 201555903
17299 201555916
3168 201555958
17305 201572654
17306 201573159
17307 201573272
17308 201576777
17309 201577871
17310 201577928
17311 201578222
17312 201578361
17313 201578862
17315 201579799
17316 201580035
17317 201581057
17318 201581856
17319 201582184
17320 201582478
17322 201582734
17323 201583631
17324 201584264
17325 201584699
17326 201584811
17328 201584914
17329 201586150
3169 201586178
17336 201656418
17337 201657468
17338 201657625
17339 201658967
17340 201659293
17341 201659494
17342 201659804
17343 201660039
17344 201660126
17345 201660828
17346 201660870
17347 201661307
17348 201661595
17349 201663430
17350 201663888
17351 201664551
17353 201673570
17354 201674229
17355 201675022
17356 201675266
17357 201682179
17358 201682280
17359 201682294
3170 201682583
17367 201686391
17368 201695508
17369 201703893
17370 201757073
17371 201834164
17372 201836490
17373 201838949
17374 201840375
17375 201840709
17376 201844046
17377 201845131
17378 201846135
17379 202164338
17380 202237726
17381 203934236
17382 203935629
17384 204008858
17385 204518213
17386 204564403
17387 204591399
17388 204605960
17389 204608795
17390 204608924
17391 204608976
17392 204626256
3171 204630202
17398 204635801
17399 204636620
17400 204636855
17401 204637908
17402 204638633
17403 204638745
17404 204638880
17405 204638894
17406 204638952
17408 204639009
17409 204639023
17410 204639367
17411 204639787
17412 204639801
17413 204640191
17415 204640618
17416 204641317
17417 204641893
17418 204642268
17419 204642463
17420 204642826
17421 204642855
17291 204642883
3172 204642900
17429 204644315
17430 204644948
17431 204644962
17432 204645073
17433 204645219
17434 204645366
17435 204645382
17437 204645494
17439 204646737
17440 204646766
17441 204646780
17442 204646983
17443 204646996
17444 204647092
17445 204647440
17446 204647515
17447 204647601
17448 204648129
17449 204649028
17450 204649041
17451 204649056
17452 204649119
3173 204649133
17460 204661788
17461 206604084
17462 206604553
17463 206604881
17464 206605294
17465 207365704
17466 207366106
17467 207366283
17468 207369773
17469 208069020
17470 208070110
17471 208070863
17472 208175768
17473 208180146
17474 208181271
17475 208491910
17476 208492411
17477 208492425
17478 209332685
17479 209333119
17480 209355180
17481 209485627
17482 209486579
17484 209487050
17485 209514477
17335 209514709
17353 209514917
3174 209516654
17491 209518456
17492 209537829
17493 209546392
17494 209625330
17495 209633658
17496 209645290
17497 209650640
17498 209682099
17499 209682798
17500 209683051
17501 209683168
17502 209688434
17503 209716208
17504 209728569
17505 209856525
17506 209865210
17507 209871797
17508 209871860
17509 210818147
17510 210859488
17511 211193067
17512 211202963
17513 211471278
17514 211471827
17515 211498712
17516 211498745
3175 211499508
17522 211499973
17525 211500061
17526 211500207
17527 211500224
17529 211500238
17530 211500268
17532 211500287
17534 211500340
17536 211500354
17537 211500368
17538 211500408
17539 211500438
17540 211500452
17541 211500482
17543 211500542
3176 211500722
17553 211503038
17555 211503145
17556 211503242
17557 211503515
17558 211503543
17559 211503626
17561 211503701
17565 211503818
17566 211503932
17567 211503946
17568 211503961
17570 211504003
17571 211504063
17573 211504077
17575 211504217
17577 211504231
17578 211505070
3177 211505085
17584 211510705
17585 212181821
17586 212181906
17587 212182299
17588 212182342
17589 212357779
17592 212357894
17593 212479941
17594 212479969
17595 212480534
17596 212480743
17597 212480819
17598 212481257
17599 212581911
17601 212582051
17602 212582672
17603 212583034
17604 212583554
17605 212705272
17606 212705376
17607 212705819
17608 212706362
17609 212742285
17459 212742299
17477 212742518
3178 212742703
17615 212917117
17616 212917776
17617 212918125
17618 212918462
17619 212918783
17620 212919004
17621 212919128
17622 212919213
17623 212919254
17624 212919964
17625 212920092
17626 212920177
17627 212921040
17628 212921430
17629 212921548
17630 212922675
17632 212923091
17633 212923529
17634 212924935
17635 212925264
17636 212925568
17638 212925841
17639 212926691
3179 212927779
17646 212929283
17647 212930386
17648 212931383
17649 212932515
17650 212933101
17651 212953418
17652 212953432
17653 212953698
17654 212953969
17655 212957958
17656 212958028
17657 212958056
17658 212958141
17659 212958381
17660 212962301
17661 212964560
17663 212964663
17664 212965651
17665 212966462
17666 212967625
17667 212967779
17668 212967850
17670 212967901
3180 212968034
17677 213003618
17678 213052410
17679 213111116
17680 213249955
17681 213294431
17682 213398505
17683 213411325
17684 213434298
17685 213455984
17686 213472449
17687 213473262
17688 213478870
17689 214272645
17690 214966729
17691 215992256
17692 216128073
17693 216285430
17694 216294534
17695 217069217
17696 217250868
17697 217334974
17698 218056443
17699 218153770
17700 218179788
17701 218204059
17702 218218559
17552 218222230
17570 218222245
3181 218222280
17708 218225467
17709 218226417
17710 218226448
17711 218227454
17712 218227555
17713 218227694
17714 218227707
17715 218228006
17716 218228650
17717 218231272
17718 218231314
17719 218231355
17720 218232099
17721 218232331
17722 218232420
17723 218232462
17725 218232786
17726 218233395
17727 218233477
17728 218233757
17729 218236736
17731 218236851
3182 218236921
17740 218237077
17741 218237091
17742 218237105
17747 218237281
17750 218237309
17758 218237323
3183 218237337
17770 218242201
17771 218519851
17772 218519906
17773 218520292
17774 218520380
17775 218735457
17776 218735639
17777 218735831
17778 218736189
17779 218928332
17780 218929115
17781 218929721
17782 218929931
17783 218930570
17784 218932708
17785 219177182
17787 219177851
17788 219177930
17789 219178339
17790 219179239
17791 219287875
17792 219288524
17793 219288633
17794 219288675
17645 219474525
17663 219474630
3184 219474804
17801 219478329
17802 219483204
17803 219483338
17804 219485788
17805 219486111
17806 219488111
17807 219488249
17808 219488356
17809 219488453
17811 219493314
17812 219496916
17813 219497196
17814 219497963
17815 219499132
17816 219501071
17818 219501367
17819 219502249
17820 219504408
17821 219504901
17822 219509559
17823 219510203
17824 219510218
17825 219510300
17676 219510354
17694 219510369
3185 219510502
17832 219511674
17833 219511864
17834 219512049
17835 219512857
17836 219513207
17837 219618482
17838 219618892
17839 219619181
17840 219623016
17841 219623778
17842 219623860
17843 219623873
17844 219624066
17845 219624374
17846 219624388
17847 219624739
17849 219624876
17850 219625885
17851 219626327
17852 219626425
17853 219626913
17854 219627286
17855 219627311
17856 219627367
3186 219627424
17863 219628883
17864 219634749
17865 219681065
17866 219709133
17867 219712798
17868 219728408
17869 219731232
17870 219732436
17871 219732548
17872 219741756
17873 219742521
17874 219744696
17875 219807849
17876 219856310
17877 219913870
17878 219916876
17879 220142864
17880 220143300
17881 220344857
17882 220381946
17883 220404149
17884 220404338
17886 220417600
17887 220418752
17888 220421999
3187 220424754
17894 220429229
17895 220430337
17896 220430421
17897 220430491
17898 220430604
17900 220431775
17902 220431817
17903 220432280
17904 220432354
17905 220432438
17906 220432609
17907 220432987
17908 220433420
17909 220433448
17911 220433837
17912 220433927
17913 220434831
17914 220434966
17915 220434980
17916 220435332
17917 220435360
17919 220435402
3188 220435416
17925 220437075
17926 220437457
17927 220437484
17929 220437597
17930 220438135
17931 220438149
17932 220438179
17933 220438224
17934 220439015
17935 220439099
17936 220439113
17937 220439126
17939 220439648
17942 220439718
17943 220439748
17944 220439917
17949 220440314
3189 220440342
17956 220441330
17957 220441436
17958 220441506
17959 220441663
17960 220442055
17961 220442139
17964 220442154
17965 220442270
17967 220442286
17970 220442563
17973 220442609
17975 220442623
17977 220442637
17979 220442698
3190 220443101
17987 220444468
17988 220504652
17989 220533089
17990 220641691
17991 220646902
17992 220647388
17993 220648619
17994 220656384
17995 220656451
17997 220656469
17998 220842900
17999 220972580
18000 221025580
18001 221064437
18002 221064912
18004 221182091
18005 221268854
18006 221299717
18008 221354200
18009 221354263
18010 221354300
18012 221354315
3191 221355303
18018 221355716
18020 221361376
18022 221361445
18026 221370396
18028 221371089
18031 221371102
18032 221371178
18036 221372260
18037 221373214
18038 221373231
18040 221373741
18042 221373810
13370 221374034
13371 221374929
13379 221374998
13380 221375067
13381 221375106
13385 221375150
13386 221375260
13388 221377488
13391 221377525
13400 221377541
13408 221377557
13416 221377723
3059 221377847
13937 221377912
13941 221379532
13943 221379551
13944 221379603
13945 221380932
100 221380947
3197 221855896
18204 221905781
18205 221909637
18206 221919039
18207 222006282
18208 222026536
18209 222048557
18210 222058502
18211 223371844
18212 223485877
18213 223547895
18214 223551986
18215 223592989
18216 224137036
18217 224591798
18218 226149853
18219 226158808
18220 226175966
18221 226177509
18222 226407769
18223 226488386
18224 227068306
18225 227098580
18226 227499329
18227 227531000
18228 227535582
18229 227612875
3198 227616201
18235 227623392
18236 227624225
18237 227624279
18238 227624580
18239 227624758
18240 227625176
18241 227625428
18242 227625456
18243 227625637
18244 227625786
18245 227625867
18246 227625990
18247 227626139
18248 227626330
18249 227626365
18250 227626427
18251 227626470
18252 227626485
18253 227628221
18254 227629151
18255 227629412
18256 227629783
18257 227629915
18258 227630206
18259 227630234
18260 227630268
3199 227630296
18266 227656337
18268 227656514
18269 227660530
18270 227660723
18271 227660895
18272 227661329
18273 227661357
18274 227661471
18276 227661677
18277 227661719
18278 227662487
18279 227662830
18280 227662844
18281 227663013
18282 227663263
18283 227663277
18284 227663493
18285 227663873
18286 227664194
18287 227664222
18289 227664238
3200 227664644
18297 227668171
18298 227668391
18299 227668964
18300 227669109
18301 227669149
18302 227669557
18303 227669614
18304 227669688
18305 227669758
18306 227669932
18307 227669945
18308 227670211
18309 227670497
18310 227670685
18311 227670794
18312 227671046
18314 227671491
18315 227694057
18316 227694240
18317 227695808
18319 227695973
18322 227695987
3201 227696001
18328 235942907
18329 236063403
18330 236700054
18331 237816134
18332 237838026
18333 237880404
18334 238205765
18335 238284646
18336 238297920
18337 238344597
18338 238366091
18339 238546158
18340 244020275
18341 245162867
18342 262483186
18343 262493961
18344 263689138
18345 263689755
18346 264736482
18347 267939398
18348 279366296
18349 279475087
18350 279584677
18351 279597728
18352 279613917
18353 279616088
18203 279619309
3202 279619333
18359 279620213
18360 279620402
18361 279621392
18362 279621545
18363 279622921
18364 279623091
18365 279626854
18366 279627008
18367 279627022
18368 279627162
18369 279627176
18370 279627286
18371 279627754
18372 279627808
18373 279627851
18374 279627944
18376 279627998
18377 279628254
18378 279629600
18379 279629920
18380 279629934
18382 279630182
18384 279630350
18252 279630392
3203 279630407
18390 279631454
18391 279631853
18392 279631978
18394 279632467
18395 279632661
18396 279633248
18397 279633262
18398 279633321
18400 279633384
18402 279633398
18403 279633450
18404 279633478
18405 279633565
18407 279634016
18408 279634058
18409 279634218
18410 279634246
18411 279634428
18415 279634442
3204 279634490
18421 279636941
18422 279655923
18423 279656105
18424 279657482
18425 279657571
18426 279660683
18427 279660994
18428 279661035
18429 279661078
18430 279663636
18432 279663927
18433 279665047
18434 279665061
18435 279665074
18438 279668358
18439 279669429
18440 279669906
18441 279670174
18442 279672380
18443 279672449
18444 279672463
18445 279672491
18297 279673428
3205 279673442
18452 279745862
18453 280430626
18454 280441759
18455 280708293
18456 280797344
18457 281070559
18458 281159705
18459 281393654
18460 281398228
18461 281399136
18462 281410142
18463 281717258
18464 281782157
18465 281930711
18466 282119078
18467 282231798
18468 282559452
18469 282560051
18470 283198733
18471 284720077
18472 284895187
18473 284900293
18474 285810402
18475 285811468
18476 285833113
18477 285836962
18327 285843469
18345 285843717
3206 285845117
18483 285866042
18484 285879176
18485 285879246
18486 285879261
18487 285879304
18488 285887615
18489 285887656
18490 285887670
18491 285887789
18493 285903567
18494 285903650
18495 285903664
18496 285903762
18497 285903963
18498 285910842
18500 285910897
18501 285910943
18502 285911153
18503 285911172
18504 286861477
18505 286861632
18507 286861697
18508 286861757
18358 286861800
18359 286905118
18376 286905134
3207 286905249
18514 286907548
18515 286907693
18517 286907972
18518 286907985
18519 286908043
18520 286908583
18521 286908625
18522 286908643
18524 286908684
18525 286909497
18526 286909538
18527 286909566
18528 286910349
18529 286910365
18531 286911653
18532 286911849
18533 286912067
18534 286912081
18535 286912167
18536 286912346
18538 286913657
18389 286913685
3208 286913700
18545 286915653
18546 286927298
18547 286927312
18548 286927900
18549 286928110
18550 286928253
18551 286928365
18552 286928421
18553 286928491
18554 286928744
18555 286928915
18556 286929120
18557 286929798
18558 286929841
18559 286929954
18560 286930313
18562 286930598
18563 286931405
18564 286931607
18565 286931663
18566 286932421
18567 286932706
18568 286932721
18569 286932914
3209 286932928
18576 286938385
18577 286939611
18578 286939666
18579 286940516
18580 286940628
18581 286941245
18582 286941595
18583 286942259
18584 286942329
18586 286964027
18588 286964295
18589 286964323
18590 286964385
18591 286965183
18593 286965198
18594 286965251
18595 286965785
18596 286966304
18597 286966391
18599 286966461
18600 286967022
18601 286968292
3210 286968527
18607 286975847
18608 287017045
18609 287017798
18610 287018049
18611 287018091
18612 287024917
18613 287025209
18614 287026219
18615 287026236
18616 287029686
18617 287030739
18618 287030782
18619 287031210
18620 287031266
18621 287031294
18622 287033575
18623 287033603
18624 287033630
18625 287033853
18626 287036296
18627 287036521
18628 287036577
18482 287037234
3211 287037266
18638 287079062
18639 287085216
18640 287110230
18641 288585851
18642 288619619
18643 288632227
18644 288661814
18645 288905676
18646 288924742
18647 288931878
18648 288936099
18649 289423892
18650 289711440
18651 290741969
18652 291063677
18653 291097146
18654 291207479
18655 291207515
18656 291430526
18657 291482076
18658 292030458
18659 292149400
18660 292169058
18661 292225057
18662 292229360
18663 292237488
3212 292241151
18669 292242295
18670 292242584
18671 292242612
18672 292242722
18673 292242829
18674 292242918
18677 292242959
18678 292243668
18679 292243710
18680 292243782
18681 292243798
18682 292244259
18683 292244373
18684 292244405
18686 292244670
18687 292244849
18688 292245243
18689 292245412
18693 292245426
3213 292245440
18701 292246045
18704 292246058
3214 292246086
18731 292303706
18732 293428125
18733 293428215
18734 293428401
18735 293428611
18736 293733499
18737 293733544
18739 293734063
18740 294231068
18741 294231249
18742 294231450
18743 294231609
18744 294233129
18745 294233604
18746 294821892
18748 294821977
18749 294822021
18750 294822321
18751 294822496
18752 294926287
18753 294926779
18754 294926876
18755 294926890
18756 295131639
18606 295132090
18607 295257925
18624 295268662
3215 295394349
18762 295405997
18763 295406460
18764 295409760
18765 295411582
18766 295412288
18767 295412441
18768 295412568
18769 295413123
18770 295413330
18771 295414228
18772 295414541
18773 295414569
18774 295415481
18775 295418918
18776 295419029
18777 295419329
18778 295419916
18779 295419982
18780 295420252
18781 295420639
18782 295420965
18783 295421669
18784 295422117
18785 295422245
18655 295422272
3216 295422300
18793 295424246
18794 295424302
18795 295424333
18796 295424528
18797 295424819
18798 295424948
18799 295424978
18800 295425048
18801 295425271
18803 295425299
18804 295425339
18805 295425491
18806 295428039
18807 295428138
18808 295428152
18810 295428405
18811 295428473
18812 295429159
18813 295429332
18814 295429512
18815 295430185
18816 295430241
18818 295430381
18668 295430395
3217 295430415
18824 295611179
18825 295633921
18826 296081584
18827 296136197
18828 296154945
18829 296212543
18830 296229215
18831 296253173
18832 296256409
18833 296264571
18834 296267473
18835 296324513
18836 296342744
18837 296416389
18838 296547187
18839 296595621
18840 296637563
18841 296640400
18842 296761285
18843 296828193
18844 296842832
18845 296844208
18846 296889196
18847 296890838
18848 296894016
18849 296895251
18699 296906985
3218 296906999
18855 296907670
18856 296912404
18857 296914973
18858 296915002
18859 296975345
18860 296975738
18861 296975780
18863 296975811
18864 296978873
18866 296978929
18867 296979015
18868 296979057
18869 296979086
18870 296983834
18872 296984012
18873 296984181
18874 297034087
18875 297034196
18876 297034468
18879 297034690
18730 297034765
18731 297594973
3219 297594989
18886 297595443
18887 297600606
18888 297600634
18889 297600676
18890 297600746
18891 297602304
18892 297602353
18894 297602624
18898 297617496
18899 297617719
18900 297617989
18903 297651376
18904 297651403
18905 297651571
18906 297651846
18907 297651981
18910 297651995
3220 297652906
18917 297655143
18918 297655185
18919 297655407
18920 297655777
18921 297656239
18922 297656800
18923 297657065
18924 297657205
18925 297657261
18928 297657276
18929 297657341
18930 297657523
18931 297657552
18932 297657578
18935 297657591
18937 297657605
18938 297657704
18940 297657719
3221 297657814
18948 297659510
18949 297665219
18950 297676738
18951 297679965
18952 297680229
18953 297683353
18954 297685461
18955 297756188
18956 297756623
18957 297760237
18958 297760401
18959 297845541
18960 297899632
18961 297903830
18962 298123080
18963 298125676
18965 298126229
18966 298207471
18967 298304217
18968 298306861
18969 298307143
18970 298309169
18972 298309284
18973 298309314
18823 298309360
18824 298309506
3222 298309536
18979 298309864
18980 298311129
18982 298311165
18983 298311178
18985 298313607
18986 298313639
18987 298314840
18988 298320313
18989 298327011
18990 298327029
18991 298327074
18992 298327236
18993 298327250
18996 298329745
18997 298329780
18998 298329847
18999 298329961
19000 298332455
19001 298332539
19003 298332555
19004 298332718
18854 298332760
18872 298332776
3072 298332790
14331 298333649
14332 298366810
14333 298368307
14335 298368344
14336 298484995
14337 298485710
14338 298485742
14339 298485756
14340 298485775
14341 298486406
14342 298507991
14344 298511273
14346 298511369
14347 303806076
14348 303806410
14349 303806812
14350 303807117
14352 303807662
14205 303807862
3073 303807882
14361 306087338
14362 306087365
14363 306087380
14365 306096770
14366 306097095
14368 306097130
14370 306097145
14371 306097215
14372 306229644
14373 306229964
14377 306231856
14378 306239976
14379 306240476
14381 306282940
14236 306514125
3090 306514249
14888 306535775
14889 306545969
14890 306546039
14891 308608392
14892 308617819
14893 308618188
14894 308618983
14895 308619180
14896 308619203
14897 308619219
14898 308644761
14899 308666435
14900 308831079
14902 308834989
14904 308925226
14905 309038973
14906 309043348
14908 309129546
14909 309150053
14762 309150104
14780 309150122
101 309150349
3228 309735922
19165 309740502
19166 309741054
19167 309741144
19168 309742619
19169 309746295
19170 309746531
19171 309746657
19172 309761602
19173 309761681
19174 309761892
19175 309762140
19176 309762952
19177 309767682
19178 309769956
19179 309771256
19180 309771358
19182 309772204
19183 309836039
19184 309916092
19185 309929964
19186 309934620
19187 309934907
19188 309935214
19189 309935354
19190 309935369
19040 309936113
3229 309936127
19196 309937548
19197 309942378
19198 309980247
19199 309981160
19200 309982119
19201 310018519
19202 310018589
19203 310018747
19204 310019322
19205 310022198
19206 310022304
19207 310022429
19208 310023711
19209 310024626
19210 310027414
19211 310037259
19212 310037318
19213 310037360
19214 310043133
19215 310044099
19216 310044229
19217 310057636
19219 310057734
19220 310057952
19221 310058512
19089 310058527
3230 310058563
19227 310061880
19228 310066229
19229 310068424
19230 310083413
19231 310084370
19232 310085028
19233 310085301
19234 310085859
19235 310233593
19236 310236629
19237 310236644
19238 310273142
19239 310284309
19240 310286502
19241 310308147
19242 310360217
19243 310362971
19244 310363315
19245 310366602
19246 310372240
19247 310415793
19248 310459499
19249 310459598
19250 310460773
19251 310460809
19252 310460888
3231 310460985
19258 310486229
19259 310494060
19260 310499278
19261 310499466
19262 310544491
19263 310609180
19264 310611707
19265 310653291
19266 310657310
19267 310747267
19268 310747287
19269 310747535
19270 310758768
19271 310815231
19272 310818170
19273 310843286
19274 310845014
19275 310845949
19276 310847920
19277 310909484
19278 310910476
19279 310956921
19280 311034507
19281 311197091
19282 311197163
19283 311197875
19133 311199667
19134 311199731
19151 311200532
3232 311200994
19289 311202058
19290 311202423
19291 311202557
19292 311204431
19293 311204825
19294 311205223
19295 311205463
19296 311208764
19297 311208779
19298 311208892
19299 311208916
19300 311211049
19301 311214156
19302 311215326
19303 311219134
19304 311219193
19306 311219664
19307 311224308
19308 311231256
19309 311232047
19310 311232322
19311 311232800
19313 311232896
19314 311233401
3233 311233614
19320 311236358
19322 311238479
19323 311238552
19324 311239209
19325 311247812
19326 311553861
19327 311554223
19328 311554318
19329 311557803
19330 311557819
19331 311558591
19332 311559009
19333 311559053
19334 311559307
19335 311560175
19336 311560220
19337 311560234
19338 311565903
19339 311572141
19340 317420186
19341 317420476
19342 317421287
19343 317421321
19344 317421489
19345 317421522
19195 317421553
19196 317421596
19213 317421610
3234 317421628
19351 317440345
19352 317446936
19353 317451122
19354 317451227
19355 317451507
19356 318694963
19357 318695176
19358 318718637
19359 318719613
19360 318731115
19361 318731150
19362 318731339
19363 318739465
19364 318748713
19365 319014541
19366 319035355
19368 319036007
19369 319042972
19370 319043155
19371 319043882
19372 319047365
19373 319047484
19374 319048414
19375 319048428
19376 319237133
19226 319237225
19227 319237288
3235 319237344
19382 319238043
19383 319242377
19384 319242461
19385 319243536
19386 319243819
19387 319245425
19390 319247295
19391 319248610
19392 319248667
19393 319248711
19394 319259350
19395 319259775
19396 319262580
19397 319262818
19398 319262893
19399 319262907
19400 319318536
19401 319319347
19402 319319538
19403 319325135
19404 319325333
19405 319325399
19406 319325421
19407 319325581
19257 319325644
19258 319325749
19275 319325785
3236 319325801
19413 319327652
19414 319328384
19415 319331803
19416 319350783
19417 319372476
19418 319373850
19419 319382476
19420 319407972
19421 319408212
19422 319408556
19423 319410379
19424 319414920
19425 319427434
19426 319429406
19427 319533930
19428 319534562
19430 319534752
19431 319549060
19432 319592362
19433 319596914
19434 319597269
19435 319599686
19436 319600389
19437 319600983
19438 319601027
3237 319601346
19444 319755217
19445 319759103
19446 319759315
19447 319759453
19448 319763166
19449 319769337
19450 319769359
19451 319769692
19452 319769759
19453 319770503
19455 319770547
19456 319771733
19457 319771768
19458 319773303
19462 319773374
19463 319773565
19464 319773592
19465 319774316
19466 319775301
19469 319775337
19319 319775491
3238 319775508
19475 319796708
19476 319808972
19477 319826836
19478 319827001
19479 319832527
19480 319922250
19481 319924922
19482 319927202
19483 319941953
19484 319948902
19485 319949012
19486 319951841
19487 319988775
19488 320026888
19489 320029570
19490 320717183
19492 320719818
19493 320723865
19494 320779202
19495 320786214
19496 320801894
19497 320875550
19498 320878246
19499 320878261
19500 320878304
19350 320878342
19351 320878879
19368 320879341
3239 320879745
19506 320964919
19507 321071502
19508 321115063
19509 321121184
19510 321322890
19511 322399459
19512 322494246
19513 322518900
19514 322521022
19515 323070425
19516 323076831
19517 323094447
19518 326735170
19519 326774544
19520 326784771
19521 326856211
19522 326870400
19523 326870512
19524 326877972
19525 326943978
19526 326959665
19527 326966470
19528 327073650
19529 327077770
19530 327077983
19531 327090785
19381 327093210
19382 327098969
19399 327099007
3240 327100285
19537 327194957
19538 327261243
19539 327340562
19540 327341849
19541 327346850
19542 327705400
19543 327707061
19544 327707938
19545 327708161
19547 327906343
19548 327906738
19549 327907933
19550 327993736
19551 327994247
19552 328159342
19553 328289556
19554 328289604
19555 328290792
19556 328298263
19557 328300147
19558 328316101
19559 328316576
19560 328316943
19561 328316973
19562 328319326
19412 328319440
19413 328319518
3241 328323873
19568 355620596
19569 355795552
19570 356000382
19571 356080107
19572 357289080
19573 357545265
19574 357573311
19575 359067283
19576 359322600
19577 359357422
19578 359359001
19579 359712466
19580 360911374
19581 360926651
19582 360950603
19583 361045723
19584 361055644
19585 361059871
19586 361083007
19587 361582099
19588 361944477
19589 361947088
19590 361999887
19591 362000374
19592 362000567
19593 362005998
19443 362042360
19444 362045776
19461 362050328
3242 362052282
19599 362053303
19600 362054081
19601 362056664
19602 362064810
19603 362066610
19604 362066970
19605 362067188
19606 362068461
19607 362071535
19608 362071925
19609 362071997
19610 362073867
19611 362077358
19612 362079192
19613 362085088
19614 362086106
19615 362089271
19616 362089285
19617 362091005
19618 362129048
19619 362151262
19620 362151820
19621 362151943
19624 362153242
3243 362153296
19630 362205486
19631 362231066
19632 362231111
19633 362231696
19634 362231877
19635 362245211
19636 362245369
19637 362245620
19638 362272349
19639 362590821
19640 362590838
19641 362590942
19642 362591567
19643 362591582
19644 362592227
19645 362647265
19647 362656669
19648 362658801
19649 362673034
19650 362680185
19651 362682251
19652 362682313
19654 362682570
19655 362683226
19506 362683254
3244 362685473
19661 362685673
19662 362685843
19663 362685876
19665 362685892
19666 362685926
19669 362685941
19673 362685979
19676 362686144
19678 362686159
19679 362686191
19680 362686206
19681 362686777
19682 362722113
3245 362722232
19692 362751606
19693 362825734
19694 363026408
19695 363031041
19696 363046629
19697 363175329
19698 363294519
19699 363314388
19700 363522650
19701 364274719
19702 364275618
19703 364453873
19704 364512362
19705 364522065
19706 364669095
19707 364712946
19708 364718428
19709 364718907
19710 364739762
19711 365271012
19712 365281900
19713 365292555
19714 365299522
19715 365305763
19716 365306219
19717 365400642
19567 365409381
19568 365410199
19585 365410291
3246 365589008
19723 365597151
19724 365614229
19725 365640653
19726 365713306
19727 365714067
19728 365717852
19729 365720842
19730 365722039
19731 365724745
19732 365726308
19733 365726588
19734 365847343
19735 365868550
19736 365877285
19737 365880882
19738 365891487
19739 365994162
19740 366000161
19741 366004755
19742 366134832
19743 366401116
19744 366402200
19745 366403285
19746 366403630
19747 366403897
19748 366404755
3247 366406853
19754 366574378
19755 366914914
19756 366915109
19757 366967748
19758 366967762
19759 366998040
19760 366998364
19761 366998536
19762 367050599
19763 367177720
19764 367178106
19765 367178284
19766 367179093
19767 367181940
19768 367281784
19769 367294632
19771 367294900
19772 367318246
19773 367333440
19774 376107527
19775 376114893
19776 376115285
19777 376115367
19778 376116150
19779 376167494
19629 376169502
3248 376169546
19785 376265459
19786 376282420
19787 376305706
19788 376393152
19789 376430989
19790 376436040
19791 376452666
19792 376553235
19793 376557610
19794 376560843
19795 376561188
19796 376596543
19797 376638974
19798 376682304
19799 376732377
19800 376747468
19801 376869175
19802 376869193
19803 378421777
19804 378517037
19805 378569737
19806 378569797
19807 378570591
19808 378571057
19810 378573587
19660 378577038
19661 378577053
3249 378577074
19816 378583142
19817 378848549
19818 378848620
19819 378848783
19820 378849272
19821 379155881
19822 379156089
19823 379157194
19824 379157261
19825 379221997
19826 379222345
19827 379222469
19828 379222971
19829 379223018
19830 379223257
19831 379282389
19833 379282622
19834 379293540
19835 379295481
19836 379295743
19837 379295940
19839 379296054
19840 379296107
19841 379296949
19691 379297016
19692 379297713
3250 379297745
19847 379298357
19848 379309978
19849 379310065
19850 379310149
19851 379310167
19852 379317439
19854 379317452
19855 379317526
19857 379324048
19858 379324390
19859 379324518
19860 379324533
19861 379324548
19862 379325817
19864 379325983
19865 379326149
19867 379326205
19869 379326236
19871 379326294
19722 379326476
3251 379326498
19878 379421785
19879 379633924
19880 379634350
19881 379718354
19882 379719074
19883 381338962
19884 381340646
19885 381340739
19886 381347380
19887 381609964
19888 381610118
19889 381665212
19890 381669419
19891 381673583
19892 381674660
19893 381750216
19894 382530637
19895 382533450
19896 382533528
19897 382543179
19898 382921042
19899 382924280
19900 382924443
19901 382924474
19902 382927046
19903 382927350
19753 382927788
3252 382927803
19909 382928780
19910 382930323
19911 382931173
19912 382932785
19913 382934138
19914 382957526
19915 382957569
19916 382958596
19917 382958668
19918 382958757
19919 382962430
19920 382962542
19921 382966498
19922 382967566
19923 382968456
19924 382969027
19925 382972604
19926 382972636
19927 382977608
19928 382984253
19929 382984653
19930 382984883
19931 382989649
19934 382989757
3253 382990014
19940 382991536
19941 382992098
19942 382992161
19943 382992503
19944 382992747
19945 382995123
19946 382995166
19947 382995302
19948 382995528
19949 382997341
19950 382997395
19951 382997609
19952 382997917
19954 382997933
19955 383000162
19956 383000328
19957 383000575
19958 383004078
19959 383004092
19960 383004105
19962 383004356
19964 383004373
19965 383004457
3103 383005529
15307 383005646
3104 383008135
15857 383008268
15859 383008310
15860 383008675
15861 383008689
15863 383008753
15867 383008777
102 383009566
3259 383433842
20126 383458724
20127 383461749
20128 383734491
20129 383971806
20130 384188673
20131 384193359
20132 384196834
20133 384269404
20134 384292301
20135 384382044
20136 384389371
20137 384669179
20138 385610941
20139 395098810
20140 396126684
20141 396129071
20142 396129840
20143 396130660
20144 397332293
20145 398354596
20146 398598683
20147 398675509
20148 398775367
20149 398786345
20150 398797938
20151 398813521
20019 398818569
3260 398818592
20157 398820007
20158 398820190
20159 398820246
20160 398820976
20161 398821111
20162 398821126
20163 398821493
20164 398821507
20165 398821567
20166 398831459
20167 398831519
20168 398832370
20169 398832384
20170 398832427
20171 398832526
20172 398832709
20174 398832739
20175 398832781
20176 398833425
20177 398833470
20179 398833649
20181 398833677
3261 398833691
20188 398934851
20189 398934965
20190 398935144
20191 398935507
20192 398935537
20193 398935551
20195 398935706
20196 398936007
20198 398939293
20199 398939904
20200 398939948
20201 398940018
20202 398940118
20203 398940353
20205 398940399
20206 398940559
20207 398940937
20208 398941008
20209 398941023
20211 398941048
20213 398941131
3262 398941355
20219 398946427
20220 398947733
20221 398948925
20222 398949050
20223 398949321
20224 398949335
20225 398949545
20226 398949782
20227 398949825
20228 398950472
20229 398951128
20230 398951142
20231 398951327
20232 398951724
20233 398951814
20234 398951856
20235 398955948
20236 398955962
20237 398956167
20239 398956283
20240 398956353
3263 398956368
20250 398965476
20251 398992598
20252 399761744
20253 399768512
20254 399936990
20255 399961718
20256 399962917
20257 399970147
20258 399981850
20259 400006888
20260 400021440
20261 400022807
20262 400312568
20263 401072253
20264 401287917
20265 401307197
20266 401307441
20267 401307472
20268 401703710
20269 401971005
20270 402060668
20271 402071956
20272 402077812
20273 402079672
20274 402080812
20275 402088816
3264 402091476
20281 402139390
20282 402140298
20283 402140312
20284 402141135
20285 402141330
20286 402141410
20287 402142521
20288 402142673
20289 402142703
20290 402143539
20291 402143585
20292 402143866
20293 402144171
20294 402144323
20295 402144903
20296 402145199
20298 402145228
20299 402145440
20300 402146815
20301 402147155
20302 402148418
20304 402150345
20305 402150455
20156 402150521
20157 402150544
20174 402150565
3265 402150580
20313 402151355
20314 402151401
20316 402151596
20317 402151610
20319 402151784
20320 402151812
20321 402151953
20322 402152049
20324 402152077
20329 402152219
20330 402152305
20331 402152333
20332 402152407
20333 402152422
20336 402152530
3266 402152545
20343 402153548
20345 402153767
20346 402153837
20347 402153879
20349 402154337
20351 402154365
20353 402154736
20354 402154848
20355 402155054
20357 402155797
20358 402155852
20359 402155866
20360 402155950
20361 402156017
20362 402156422
20363 402156584
20364 402156601
20365 402156629
20219 402156643
3267 402156657
20374 402178213
20375 402221564
20376 402275439
20377 404445111
20378 404485210
20379 404685728
20380 404715557
20381 404912537
20382 404913822
20383 404914061
20384 404929337
20385 405004775
20386 407708812
20387 407731713
20388 418559934
20389 418604873
20390 418606139
20391 418606846
20392 418844692
20393 419904079
20394 419960604
20395 419965028
20396 419980420
20397 419980522
20398 420006100
20399 420006167
20249 420007475
20267 420007751
3268 420007767
20405 420008246
20407 420010134
20408 420010149
20409 420010183
20410 420030886
20411 420030900
20414 420030914
20415 420030943
20416 420031139
20419 420031188
20420 420110717
20422 420110759
20423 420110799
20425 420111131
20280 420113404
20281 420854302
20298 420854390
3269 420856098
20436 420875072
20437 420875343
20438 420875433
20440 420875477
20441 420875511
20442 420875582
20443 420875740
20444 420876105
20446 420876249
20447 420876333
20448 420876361
20449 420876517
20450 420876559
20451 420876574
20453 420877534
20454 420877771
20455 420878135
20456 420878147
20457 420878186
3270 420878246
20467 420901473
20468 421573053
20469 421573067
20470 421573259
20471 421573540
20472 424219883
20473 424219897
20475 424219939
20476 424603727
20477 424604188
20478 424604245
20479 424604610
20480 424604921
20481 424606029
20482 425574721
20483 425574847
20484 425574928
20485 425575221
20486 425575295
20487 425575687
20488 425704826
20490 425704966
20491 425705020
20342 428102473
20343 428220833
20360 428225860
3271 428407127
20498 428423224
20499 428423562
20500 428423661
20501 428424160
20502 428424259
20503 428424784
20504 428424924
20505 428424941
20506 428425136
20507 428425772
20508 428425832
20509 428425888
20511 428427044
20512 428427300
20513 428427358
20514 428427456
20515 428427485
20516 428